WARNING: 1 open meshes merged
     Merged: Main_Wing
...Mass Properties...
45 Num Comps
38 Total Num Meshes
70608 Total Num Tris

1.138430569052386e+03             Total Mass
2.656184695631565e+01 -1.408225944046167e-05 -4.379561668431908e-02       Center of Gravity
2.117901666941294e+04 8.691295251046729e+04 1.063276755950383e+05       Ixx, Iyy, Izz
-6.637197489311611e-01 2.480758865043681e+02 5.841096787170958e-01       Ixy, Ixz, Iyz
1.021996041450906e+03             Volume

Name	Mass	cgX	cgY	cgZ	Ixx	Iyy	Izz	Ixy	Ixz	Iyz	Volume
Fuselage	0.000000000000000e+00	0.000000000000000e+00	0.000000000000000e+00	0.000000000000000e+00	0.000000000000000e+00	0.000000000000000e+00	0.000000000000000e+00	0.000000000000000e+00	0.000000000000000e+00	0.000000000000000e+00	2.837711621647290e+02
Canopy	0.000000000000000e+00	0.000000000000000e+00	0.000000000000000e+00	0.000000000000000e+00	0.000000000000000e+00	0.000000000000000e+00	0.000000000000000e+00	0.000000000000000e+00	0.000000000000000e+00	0.000000000000000e+00	1.989578654056140e+01
Seat	3.931552403016662e+00	1.329593252755587e+01	-2.484451189735623e-07	-2.768600436278076e-01	1.188989241991736e+00	1.731895993146884e+00	2.159651998825936e+00	-4.451238715443476e-03	-4.064893968016021e-01	5.301070134974326e-03	2.615894222517938e+00
Seat	3.724648672629977e+00	1.510625221157405e+01	5.350565127813667e-16	1.504731904788835e+00	3.571503055341285e+00	3.366036544689146e+00	1.261000770902162e+00	-4.352546216280635e-03	9.969671565462705e-01	5.064363084021114e-03	2.478228939837071e+00
Pilot (Female 20%)	6.341226792736931e+00	1.333031620088406e+01	-1.739959430796114e-03	1.009132658419583e+00	3.426257886898294e+00	5.413629828747335e+00	3.883365394575429e+00	-6.655333782136045e-03	1.778651563404754e+00	4.084899447710076e-03	3.143181620704810e+00
Air Intake	0.000000000000000e+00	0.000000000000000e+00	0.000000000000000e+00	0.000000000000000e+00	0.000000000000000e+00	0.000000000000000e+00	0.000000000000000e+00	0.000000000000000e+00	0.000000000000000e+00	0.000000000000000e+00	5.645814941607499e+01
Air Intake	0.000000000000000e+00	0.000000000000000e+00	0.000000000000000e+00	0.000000000000000e+00	0.000000000000000e+00	0.000000000000000e+00	0.000000000000000e+00	0.000000000000000e+00	0.000000000000000e+00	0.000000000000000e+00	5.604132257441083e+01
S Ducts	0.000000000000000e+00	0.000000000000000e+00	0.000000000000000e+00	0.000000000000000e+00	0.000000000000000e+00	0.000000000000000e+00	0.000000000000000e+00	0.000000000000000e+00	0.000000000000000e+00	0.000000000000000e+00	1.299591138818421e+02
S Ducts	0.000000000000000e+00	0.000000000000000e+00	0.000000000000000e+00	0.000000000000000e+00	0.000000000000000e+00	0.000000000000000e+00	0.000000000000000e+00	0.000000000000000e+00	0.000000000000000e+00	0.000000000000000e+00	1.747426479681920e+01
Main Fuel Tank	2.533965501538098e+02	2.196476187818234e+01	1.258435380747074e-08	6.226670666914236e-02	5.797222638660468e+02	2.994740207206126e+03	2.902860074465312e+03	-3.829480193484257e-01	-1.176075888634042e+02	3.112391837062814e-01	1.621219130862720e+02
Main Fuel Tank 2	1.871586216000069e+01	2.993579999999755e+01	1.403193637477180e-15	9.999999999999543e-01	1.578547776868630e+01	2.668641508494497e+01	3.931230896619715e+01	-2.808935067446253e-02	-4.046268165275023e-03	2.281057411929142e-02	1.197432000000071e+01
Main Fuel Tank 3	1.403806103351350e+01	2.993410322762183e+01	-4.461689533974444e-07	-1.749968896771536e+00	1.132667371262152e+01	1.999000935163803e+01	2.997107716763670e+01	-2.118910801404317e-02	-1.170617907610161e-02	1.471196356674127e-02	8.981484986253339e+00
ANAPG-81 Radar	0.000000000000000e+00	0.000000000000000e+00	0.000000000000000e+00	0.000000000000000e+00	0.000000000000000e+00	0.000000000000000e+00	0.000000000000000e+00	0.000000000000000e+00	0.000000000000000e+00	0.000000000000000e+00	0.000000000000000e+00
Avioincs	7.952420195573681e+01	8.648120000000770e+00	1.324936299320089e-15	-2.000000000000159e-01	2.231532089986631e+01	8.112819121790091e+01	9.002410301310310e+01	-1.091541907771943e-01	-1.693270349194077e-02	9.656347342772659e-02	4.989299999999910e+00
F100-PW-229 (Engine)	0.000000000000000e+00	0.000000000000000e+00	0.000000000000000e+00	0.000000000000000e+00	0.000000000000000e+00	0.000000000000000e+00	0.000000000000000e+00	0.000000000000000e+00	0.000000000000000e+00	0.000000000000000e+00	0.000000000000000e+00
External Casing	0.000000000000000e+00	0.000000000000000e+00	0.000000000000000e+00	0.000000000000000e+00	0.000000000000000e+00	0.000000000000000e+00	0.000000000000000e+00	0.000000000000000e+00	0.000000000000000e+00	0.000000000000000e+00	1.485969438501622e+01
Nozzle Exit	0.000000000000000e+00	0.000000000000000e+00	0.000000000000000e+00	0.000000000000000e+00	0.000000000000000e+00	0.000000000000000e+00	0.000000000000000e+00	0.000000000000000e+00	0.000000000000000e+00	0.000000000000000e+00	5.341569081556243e+01
Front Tire (Stored)	0.000000000000000e+00	0.000000000000000e+00	0.000000000000000e+00	0.000000000000000e+00	0.000000000000000e+00	0.000000000000000e+00	0.000000000000000e+00	0.000000000000000e+00	0.000000000000000e+00	0.000000000000000e+00	0.000000000000000e+00
Front Tire (Stored)	0.000000000000000e+00	0.000000000000000e+00	0.000000000000000e+00	0.000000000000000e+00	0.000000000000000e+00	0.000000000000000e+00	0.000000000000000e+00	0.000000000000000e+00	0.000000000000000e+00	0.000000000000000e+00	0.000000000000000e+00
Front Tire (Stored)	0.000000000000000e+00	0.000000000000000e+00	0.000000000000000e+00	0.000000000000000e+00	0.000000000000000e+00	0.000000000000000e+00	0.000000000000000e+00	0.000000000000000e+00	0.000000000000000e+00	0.000000000000000e+00	0.000000000000000e+00
Front Tire (Stored)	0.000000000000000e+00	0.000000000000000e+00	0.000000000000000e+00	0.000000000000000e+00	0.000000000000000e+00	0.000000000000000e+00	0.000000000000000e+00	0.000000000000000e+00	0.000000000000000e+00	0.000000000000000e+00	0.000000000000000e+00
Front Struct (Stored)	0.000000000000000e+00	0.000000000000000e+00	0.000000000000000e+00	0.000000000000000e+00	0.000000000000000e+00	0.000000000000000e+00	0.000000000000000e+00	0.000000000000000e+00	0.000000000000000e+00	0.000000000000000e+00	0.000000000000000e+00
Diagonal Struct (Stored)	0.000000000000000e+00	0.000000000000000e+00	0.000000000000000e+00	0.000000000000000e+00	0.000000000000000e+00	0.000000000000000e+00	0.000000000000000e+00	0.000000000000000e+00	0.000000000000000e+00	0.000000000000000e+00	0.000000000000000e+00
Aft Tires (Stored)	0.000000000000000e+00	0.000000000000000e+00	0.000000000000000e+00	0.000000000000000e+00	0.000000000000000e+00	0.000000000000000e+00	0.000000000000000e+00	0.000000000000000e+00	0.000000000000000e+00	0.000000000000000e+00	0.000000000000000e+00
Aft Tires (Stored)	0.000000000000000e+00	0.000000000000000e+00	0.000000000000000e+00	0.000000000000000e+00	0.000000000000000e+00	0.000000000000000e+00	0.000000000000000e+00	0.000000000000000e+00	0.000000000000000e+00	0.000000000000000e+00	8.061514445813420e-05
Aft Tires (Stored)	0.000000000000000e+00	0.000000000000000e+00	0.000000000000000e+00	0.000000000000000e+00	0.000000000000000e+00	0.000000000000000e+00	0.000000000000000e+00	0.000000000000000e+00	0.000000000000000e+00	0.000000000000000e+00	0.000000000000000e+00
Aft Tires (Stored)	0.000000000000000e+00	0.000000000000000e+00	0.000000000000000e+00	0.000000000000000e+00	0.000000000000000e+00	0.000000000000000e+00	0.000000000000000e+00	0.000000000000000e+00	0.000000000000000e+00	0.000000000000000e+00	1.101846828005465e-03
Aft Structs (Stored)	0.000000000000000e+00	0.000000000000000e+00	0.000000000000000e+00	0.000000000000000e+00	0.000000000000000e+00	0.000000000000000e+00	0.000000000000000e+00	0.000000000000000e+00	0.000000000000000e+00	0.000000000000000e+00	2.546705684746801e+00
Aft Structs (Stored)	0.000000000000000e+00	0.000000000000000e+00	0.000000000000000e+00	0.000000000000000e+00	0.000000000000000e+00	0.000000000000000e+00	0.000000000000000e+00	0.000000000000000e+00	0.000000000000000e+00	0.000000000000000e+00	2.650610207861480e+00
Aft Structs (Stored)	0.000000000000000e+00	0.000000000000000e+00	0.000000000000000e+00	0.000000000000000e+00	0.000000000000000e+00	0.000000000000000e+00	0.000000000000000e+00	0.000000000000000e+00	0.000000000000000e+00	0.000000000000000e+00	0.000000000000000e+00
Aft Structs (Stored)	0.000000000000000e+00	0.000000000000000e+00	0.000000000000000e+00	0.000000000000000e+00	0.000000000000000e+00	0.000000000000000e+00	0.000000000000000e+00	0.000000000000000e+00	0.000000000000000e+00	0.000000000000000e+00	0.000000000000000e+00
Main_Wing	9.504745438868642e+01	2.885206528251286e+01	2.711094653593988e-15	-1.203655539166295e-01	1.176493278563863e+04	1.443009622206995e+03	1.319497205567363e+04	3.845282924540283e-14	-4.034512139191043e+01	1.854641318451387e-14	7.399678578329491e+01
Wing Fuel Tank	5.975133973329570e+01	2.707796197538299e+01	7.193176070691664e+00	-9.009091788016683e-02	4.934854790703997e+02	3.128113465309421e+02	8.021193402020767e+02	1.990047449976042e+02	-8.063688014060634e+00	-5.143785923892390e+00	3.864553299964039e+01
Wing Fuel Tank	5.975133927589907e+01	2.707796199920420e+01	-7.193176080517426e+00	-9.009092189572017e-02	4.934991936725802e+02	3.128115916705612e+02	8.021328016923854e+02	-1.991769215553096e+02	-8.064557709357580e+00	5.281190591166068e+00	3.864553270381140e+01
HStab	4.803877837747399e+00	4.116370385968811e+01	6.061504908953609e+00	-4.527379695256812e-01	1.583773796073767e+01	1.820084175011178e+01	3.395280702285786e+01	5.617794534251550e+00	-6.519549924210280e-04	5.114699110752812e-03	1.088727006332186e+01
HStab	4.803869699465876e+00	4.116370913983062e+01	-6.061508670605198e+00	-4.527381086070409e-01	1.583762204250810e+01	1.820087235680324e+01	3.395260426914473e+01	-5.628565026992220e+00	-6.289400776907545e-04	4.602985714571886e-03	1.088725161912480e+01
VStab	1.298598630491609e+01	4.154103365087381e+01	3.577034365928739e+00	3.207011551789326e+00	5.531212068408684e+01	9.456190731676546e+01	5.235508671074280e+01	9.761587934777712e+00	2.687334698154539e+01	1.770663367358633e+01	7.777476890861108e+00
VStab	1.298716964128294e+01	4.154093361692223e+01	-3.577095601280265e+00	3.207173700688644e+00	5.531185525157488e+01	9.456539322145390e+01	5.235358349307935e+01	-9.761111906433399e+00	2.687098071853172e+01	-1.769393027601415e+01	7.778185606474454e+00
Fuselage_pm	2.222430000000000e+02	2.420000000000000e+01	0.000000000000000e+00	0.000000000000000e+00	0.000000000000000e+00	0.000000000000000e+00	0.000000000000000e+00	-0.000000000000000e+00	-0.000000000000000e+00	-0.000000000000000e+00	0.000000000000000e+00
Fuel System Mass_pm	3.143200000000000e+01	2.719496510000000e+01	0.000000000000000e+00	0.000000000000000e+00	0.000000000000000e+00	0.000000000000000e+00	0.000000000000000e+00	-0.000000000000000e+00	-0.000000000000000e+00	-0.000000000000000e+00	0.000000000000000e+00
Ordinance Pylons Mass_pm	3.729700000000000e+01	2.719496510000000e+01	0.000000000000000e+00	0.000000000000000e+00	0.000000000000000e+00	0.000000000000000e+00	0.000000000000000e+00	-0.000000000000000e+00	-0.000000000000000e+00	-0.000000000000000e+00	0.000000000000000e+00
External Casing_pm	1.545904290000000e+02	4.066251500000000e+01	0.000000000000000e+00	-5.000000000000000e-01	0.000000000000000e+00	0.000000000000000e+00	0.000000000000000e+00	-0.000000000000000e+00	-0.000000000000000e+00	-0.000000000000000e+00	0.000000000000000e+00
Front Struct (Stored)_pm	1.606700000000000e+01	1.125000000000000e+01	0.000000000000000e+00	-1.400000000000000e+00	0.000000000000000e+00	0.000000000000000e+00	0.000000000000000e+00	-0.000000000000000e+00	-0.000000000000000e+00	-0.000000000000000e+00	0.000000000000000e+00
Aft Structs (Stored)_pm	2.349900000000000e+01	3.500000000000000e+01	-2.750000000000000e+00	-2.500000000000000e-01	0.000000000000000e+00	0.000000000000000e+00	0.000000000000000e+00	-0.000000000000000e+00	-0.000000000000000e+00	-0.000000000000000e+00	0.000000000000000e+00
Aft Structs (Stored)_pm	2.349900000000000e+01	3.500000000000000e+01	2.750000000000000e+00	-2.500000000000000e-01	0.000000000000000e+00	0.000000000000000e+00	0.000000000000000e+00	-0.000000000000000e+00	-0.000000000000000e+00	-0.000000000000000e+00	0.000000000000000e+00
Name	Mass	cgX	cgY	cgZ	Ixx	Iyy	Izz	Ixy	Ixz	Iyz	Volume
Totals	1.138430569052386e+03	2.656184695631565e+01	-1.408225944046167e-05	-4.379561668431908e-02	2.117901666941294e+04	8.691295251046729e+04	1.063276755950383e+05	-6.637197489311611e-01	2.480758865043681e+02	5.841096787170958e-01	1.021996041450906e+03

...Filling Mass Properties (Volume Only -- No Shell or Point Mass)...
150 Num Slice

Slice	Mass	cgX	cgY	cgZ	Ixx	Iyy	Izz	Ixy	Ixz	Iyz	Volume
1.663100000000000e-01	0.000000000000000e+00	0.000000000000000e+00	0.000000000000000e+00	0.000000000000000e+00	0.000000000000000e+00	0.000000000000000e+00	0.000000000000000e+00	0.000000000000000e+00	0.000000000000000e+00	0.000000000000000e+00	5.122416786112883e+00
4.989300000000000e-01	0.000000000000000e+00	0.000000000000000e+00	0.000000000000000e+00	0.000000000000000e+00	0.000000000000000e+00	0.000000000000000e+00	0.000000000000000e+00	0.000000000000000e+00	0.000000000000000e+00	0.000000000000000e+00	1.024483357222577e+01
8.315500000000000e-01	0.000000000000000e+00	0.000000000000000e+00	0.000000000000000e+00	0.000000000000000e+00	0.000000000000000e+00	0.000000000000000e+00	0.000000000000000e+00	0.000000000000000e+00	0.000000000000000e+00	0.000000000000000e+00	1.536725035833864e+01
1.164170000000000e+00	0.000000000000000e+00	0.000000000000000e+00	0.000000000000000e+00	0.000000000000000e+00	0.000000000000000e+00	0.000000000000000e+00	0.000000000000000e+00	0.000000000000000e+00	0.000000000000000e+00	0.000000000000000e+00	2.048966714445153e+01
1.496790000000000e+00	0.000000000000000e+00	0.000000000000000e+00	0.000000000000000e+00	0.000000000000000e+00	0.000000000000000e+00	0.000000000000000e+00	0.000000000000000e+00	0.000000000000000e+00	0.000000000000000e+00	0.000000000000000e+00	2.561208393056441e+01
1.829410000000000e+00	0.000000000000000e+00	0.000000000000000e+00	0.000000000000000e+00	0.000000000000000e+00	0.000000000000000e+00	0.000000000000000e+00	0.000000000000000e+00	0.000000000000000e+00	0.000000000000000e+00	0.000000000000000e+00	3.073450071667729e+01
2.162030000000000e+00	0.000000000000000e+00	0.000000000000000e+00	0.000000000000000e+00	0.000000000000000e+00	0.000000000000000e+00	0.000000000000000e+00	0.000000000000000e+00	0.000000000000000e+00	0.000000000000000e+00	0.000000000000000e+00	3.585691750279017e+01
2.494650000000000e+00	0.000000000000000e+00	0.000000000000000e+00	0.000000000000000e+00	0.000000000000000e+00	0.000000000000000e+00	0.000000000000000e+00	0.000000000000000e+00	0.000000000000000e+00	0.000000000000000e+00	0.000000000000000e+00	4.097933428890307e+01
2.827270000000000e+00	0.000000000000000e+00	0.000000000000000e+00	0.000000000000000e+00	0.000000000000000e+00	0.000000000000000e+00	0.000000000000000e+00	0.000000000000000e+00	0.000000000000000e+00	0.000000000000000e+00	0.000000000000000e+00	4.610175107501595e+01
3.159890000000000e+00	0.000000000000000e+00	0.000000000000000e+00	0.000000000000000e+00	0.000000000000000e+00	0.000000000000000e+00	0.000000000000000e+00	0.000000000000000e+00	0.000000000000000e+00	0.000000000000000e+00	0.000000000000000e+00	5.122416786112883e+01
3.492510000000000e+00	0.000000000000000e+00	0.000000000000000e+00	0.000000000000000e+00	0.000000000000000e+00	0.000000000000000e+00	0.000000000000000e+00	0.000000000000000e+00	0.000000000000000e+00	0.000000000000000e+00	0.000000000000000e+00	5.634658464724172e+01
3.825130000000001e+00	0.000000000000000e+00	0.000000000000000e+00	0.000000000000000e+00	0.000000000000000e+00	0.000000000000000e+00	0.000000000000000e+00	0.000000000000000e+00	0.000000000000000e+00	0.000000000000000e+00	0.000000000000000e+00	6.146900143335461e+01
4.157750000000000e+00	0.000000000000000e+00	0.000000000000000e+00	0.000000000000000e+00	0.000000000000000e+00	0.000000000000000e+00	0.000000000000000e+00	0.000000000000000e+00	0.000000000000000e+00	0.000000000000000e+00	0.000000000000000e+00	6.659141821946749e+01
4.490370000000000e+00	0.000000000000000e+00	0.000000000000000e+00	0.000000000000000e+00	0.000000000000000e+00	0.000000000000000e+00	0.000000000000000e+00	0.000000000000000e+00	0.000000000000000e+00	0.000000000000000e+00	0.000000000000000e+00	7.171383469809146e+01
4.822990000000001e+00	0.000000000000000e+00	0.000000000000000e+00	0.000000000000000e+00	0.000000000000000e+00	0.000000000000000e+00	0.000000000000000e+00	0.000000000000000e+00	0.000000000000000e+00	0.000000000000000e+00	0.000000000000000e+00	7.683625148420435e+01
5.155610000000000e+00	0.000000000000000e+00	0.000000000000000e+00	0.000000000000000e+00	0.000000000000000e+00	0.000000000000000e+00	0.000000000000000e+00	0.000000000000000e+00	0.000000000000000e+00	0.000000000000000e+00	0.000000000000000e+00	8.195866827031723e+01
5.488230000000001e+00	0.000000000000000e+00	0.000000000000000e+00	0.000000000000000e+00	0.000000000000000e+00	0.000000000000000e+00	0.000000000000000e+00	0.000000000000000e+00	0.000000000000000e+00	0.000000000000000e+00	0.000000000000000e+00	8.708108505643011e+01
5.820850000000001e+00	0.000000000000000e+00	0.000000000000000e+00	0.000000000000000e+00	0.000000000000000e+00	0.000000000000000e+00	0.000000000000000e+00	0.000000000000000e+00	0.000000000000000e+00	0.000000000000000e+00	0.000000000000000e+00	9.220350184254301e+01
6.153470000000000e+00	0.000000000000000e+00	0.000000000000000e+00	0.000000000000000e+00	0.000000000000000e+00	0.000000000000000e+00	0.000000000000000e+00	0.000000000000000e+00	0.000000000000000e+00	0.000000000000000e+00	0.000000000000000e+00	9.732591862865587e+01
6.486090000000001e+00	0.000000000000000e+00	0.000000000000000e+00	0.000000000000000e+00	0.000000000000000e+00	0.000000000000000e+00	0.000000000000000e+00	0.000000000000000e+00	0.000000000000000e+00	0.000000000000000e+00	0.000000000000000e+00	1.024483354147688e+02
6.818710000000000e+00	0.000000000000000e+00	0.000000000000000e+00	0.000000000000000e+00	0.000000000000000e+00	0.000000000000000e+00	0.000000000000000e+00	0.000000000000000e+00	0.000000000000000e+00	0.000000000000000e+00	0.000000000000000e+00	1.075707522008817e+02
7.151330000000001e+00	7.952420195574354e+00	7.151330000000003e+00	1.570210445858891e-15	-2.000000000000001e-01	2.231492725668610e+00	8.542217734014630e-01	1.743864482639409e+00	-1.108898211435999e-02	-1.724984350310646e-03	9.523831430290465e-03	1.126931689869946e+02
7.483950000000001e+00	1.590484039114871e+01	7.317640000000003e+00	1.517312028448995e-15	-2.000000000000001e-01	4.463011912353113e+00	2.148364628903652e+00	3.927658817087381e+00	-2.221489667149120e-02	-3.458458265697293e-03	1.902077911040399e-02	1.178155857731074e+02
7.816570000000000e+00	2.385726058672306e+01	7.483950000000015e+00	1.554359098786234e-15	-2.000000000000002e-01	6.694683466549821e+00	4.322320964412786e+00	6.991440984827500e+00	-3.332715630832769e-02	-5.185087334549606e-03	2.852271848517057e-02	1.229380025592203e+02
8.149190000000001e+00	3.180968078229742e+01	7.650260000000009e+00	1.612229240306647e-15	-2.000000000000000e-01	8.926275216454149e+00	7.816049383347899e+00	1.137484468352930e+01	-4.434326050016929e-02	-6.887230454928350e-03	3.809408027126743e-02	1.280604193453332e+02
8.481809999999999e+00	3.976210097787177e+01	7.816570000000005e+00	1.520595002395465e-15	-1.999999999999998e-01	1.115762031671866e+01	1.306942093424303e+01	1.751765649220505e+01	-5.537769297456926e-02	-8.588052982665326e-03	4.771589863478271e-02	1.331828361314461e+02
8.814430000000000e+00	4.771452117344611e+01	7.982880000000001e+00	1.453997530909935e-15	-1.999999999999998e-01	1.338924017251824e+01	2.052240076976458e+01	2.586025713625660e+01	-6.605897149799529e-02	-1.024856129447460e-02	5.753756337097154e-02	1.383052529150946e+02
9.147050000000000e+00	5.566694136902045e+01	8.149189999999992e+00	1.408391148654040e-15	-1.999999999999997e-01	1.562073185191892e+01	3.061486279775339e+01	3.684219424880236e+01	-7.679654420339821e-02	-1.191286444688980e-02	6.731769975181849e-02	1.434276697012075e+02
9.479670000000000e+00	6.362052597810906e+01	8.315521307200145e+00	-9.844852441703067e-08	-2.000215058254433e-01	1.785397847321593e+01	4.378992696274534e+01	5.090526533643168e+01	-8.757421945544649e-02	-1.517455505369395e-02	7.711138153236917e-02	1.485517346482473e+02
9.812290000000001e+00	7.157294617368341e+01	8.481826234090258e+00	-8.750997732338863e-08	-2.000191163281581e-01	2.008559993931676e+01	6.048062697989966e+01	6.848562399012017e+01	-9.840080743755264e-02	-1.663086358680233e-02	8.680072722171352e-02	1.536683835623790e+02
1.014491000000000e+01	7.952536636925775e+01	8.648132175587497e+00	-7.875910760198780e-08	-2.000172047233324e-01	2.231696473903385e+01	8.113063088056914e+01	9.002497117018466e+01	-1.091594378308948e-01	-1.807041183349014e-02	9.657084265437407e-02	1.587878064664808e+02
1.047753000000000e+01	7.952536636925775e+01	8.648132175587497e+00	-7.875910760198780e-08	-2.000172047233324e-01	2.231696473903385e+01	8.113063088056914e+01	9.002497117018466e+01	-1.091594378308948e-01	-1.807041183349014e-02	9.657084265437407e-02	1.639946484896475e+02
1.081015000000000e+01	7.952536636925775e+01	8.648132175587497e+00	-7.875910760198780e-08	-2.000172047233324e-01	2.231696473903385e+01	8.113063088056914e+01	9.002497117018466e+01	-1.091594378308948e-01	-1.807041183349014e-02	9.657084265437407e-02	1.693145211964532e+02
1.114277000000000e+01	7.956326118283529e+01	8.649320334970284e+00	-7.872927159020517e-08	-2.000039150082046e-01	2.232574770728385e+01	8.136729434728558e+01	9.027026828040643e+01	-1.091726878811813e-01	-1.543966080125896e-02	9.658363585425633e-02	1.747729667040588e+02
1.147539000000000e+01	7.963617042887094e+01	8.651907684505201e+00	-7.865719263644303e-08	-2.000600768815850e-01	2.233739696077098e+01	8.195175589012936e+01	9.086435489838955e+01	-1.092118692744020e-01	-2.807746332131677e-02	9.659647748919731e-02	1.803596209872680e+02
1.180801000000000e+01	7.982808440739963e+01	8.659495241647610e+00	-7.845466439883615e-08	-1.992296378242106e-01	2.239079885078655e+01	8.388940119129623e+01	9.280307014242226e+01	-1.091880241574020e-01	1.806374617014923e-01	9.685010712870723e-02	1.860971879161393e+02
1.214063000000000e+01	8.021095752351982e+01	8.676111835610770e+00	-7.808981983273887e-08	-1.961650947049412e-01	2.262505364130903e+01	8.870629615239474e+01	9.747332746600347e+01	-1.091658860074166e-01	1.032232110099929e+00	9.719686087663311e-02	1.920545641765486e+02
1.247325000000000e+01	8.114919028390233e+01	8.720013683664519e+00	-7.727842063126768e-08	-1.908705498606698e-01	2.312157425822632e+01	1.024471822447443e+02	1.110147680411535e+02	-1.098246710439591e-01	2.644678145519642e+00	9.849537304491157e-02	1.982023153481115e+02
1.280587000000000e+01	8.235801564713634e+01	8.779984613110875e+00	-8.804012517429815e-08	-1.845217843143014e-01	2.381872485062936e+01	1.228227559465355e+02	1.311604641070525e+02	-1.108664627376466e-01	4.749525987780929e+00	1.001732844442478e-01	2.045304654749803e+02
1.313849000000000e+01	8.394131717936702e+01	8.862194762881952e+00	-3.968550713494277e-07	-1.749030958583390e-01	2.502788478795729e+01	1.532667260340469e+02	1.610185995788522e+02	-1.123665012795406e-01	8.202020367900866e+00	1.021142929005861e-01	2.110298702111399e+02
1.347111000000000e+01	8.611473809418678e+01	8.978517624597302e+00	-1.265438306562673e-04	-1.565132072729715e-01	2.775901008359061e+01	2.006482255305702e+02	2.064740254350291e+02	-1.635559527138602e-01	1.531632376970994e+01	8.864525894315818e-02	2.176583651160477e+02
1.380373000000000e+01	8.831020126773878e+01	9.098476314790370e+00	-1.250219237163003e-04	-1.357978547001013e-01	3.137317812765146e+01	2.537655860144565e+02	2.567629659779756e+02	-1.654500243925588e-01	2.392362454131771e+01	9.172125385760219e-02	2.244135486077037e+02
1.413635000000000e+01	8.971481490093747e+01	9.177351426647782e+00	-1.230645963536912e-04	-1.204407857661086e-01	3.504242021751229e+01	2.923827080605437e+02	2.920622230050466e+02	-1.661033759492413e-01	3.075569634059734e+01	9.349694075248723e-02	2.313035113619818e+02
1.446897000000000e+01	9.009386212763253e+01	9.199614578627168e+00	-1.225468330693663e-04	-1.167267748741983e-01	3.571524555192023e+01	3.035891567682154e+02	3.026843383859510e+02	-1.660637411955416e-01	3.251884408065366e+01	9.381694292624819e-02	2.382751906756602e+02
1.480159000000000e+01	9.118491791842659e+01	9.266643949962926e+00	-1.210805222482767e-04	-1.068953794175301e-01	3.684597298503763e+01	3.383568620035005e+02	3.367575866726957e+02	-1.666960871563548e-01	3.748058904434093e+01	9.539577368843385e-02	2.453250053688429e+02
1.513421000000000e+01	9.234202561059830e+01	9.340168499223454e+00	-1.195633018630839e-04	-8.568993879861007e-02	4.057835896138002e+01	3.812011215877915e+02	3.763752518989415e+02	-1.672245855523610e-01	4.882601545934234e+01	9.734355732382767e-02	2.524258474552650e+02
1.546683000000000e+01	9.333414273450032e+01	9.405293282171987e+00	-1.182923757507969e-04	-5.920316062558400e-02	4.701004482605211e+01	4.243053427902451e+02	4.134369263415395e+02	-1.677232699899023e-01	6.381069877910200e+01	9.901525313216777e-02	2.595861019227478e+02
1.579945000000000e+01	9.352279423764126e+01	9.418191392049586e+00	-1.180537597569374e-04	-5.336874880029330e-02	4.861127746228725e+01	4.335839679172529e+02	4.211632372543818e+02	-1.677818615884336e-01	6.729260239924291e+01	9.929922690951964e-02	2.667820964145928e+02
1.613207000000000e+01	9.802798421388698e+01	9.726749186528716e+00	-1.126282211273459e-04	-4.057542174852548e-02	5.535609297530738e+01	6.314063019170430e+02	6.177807032658066e+02	-1.709988147274280e-01	7.532461107250576e+01	1.048433332319397e-01	2.740102798431481e+02
1.646469000000000e+01	1.034443457189730e+02	1.007954878124784e+01	-1.067309905240273e-04	-2.666985323391070e-02	6.482959592909154e+01	8.700341126954153e+02	8.549291122629678e+02	-1.751770652414653e-01	8.450821194111961e+01	1.117830469476856e-01	2.812695979040911e+02
1.679731000000000e+01	1.093232358224299e+02	1.044079842455752e+01	-1.009914991961816e-04	-1.313623116587937e-02	7.589863158668125e+01	1.127533962652544e+03	1.110844473511687e+03	-1.798147176648729e-01	9.391171309113440e+01	1.189680293613401e-01	2.885536952824701e+02
1.712993000000000e+01	1.156393705637109e+02	1.080615371944286e+01	-9.547542008318940e-05	-1.294113052759631e-04	8.859219556756516e+01	1.402039515614802e+03	1.383675867630210e+03	-1.848086844131900e-01	1.034220545522707e+02	1.266889370821955e-01	2.958611363605511e+02
1.746255000000000e+01	1.222371147866466e+02	1.116543248827078e+01	-9.032213744612387e-05	1.202194076507971e-02	1.023790872106582e+02	1.686486953018097e+03	1.666423006761882e+03	-1.902025755938243e-01	1.127741046691561e+02	1.347501001873132e-01	3.031856552330844e+02
1.779517000000000e+01	1.291161235481364e+02	1.151864958599883e+01	-8.550998263756573e-05	2.336891925199162e-02	1.173072688323054e+02	1.981218393148376e+03	1.959431120837844e+03	-1.961574068044608e-01	1.219682589934212e+02	1.433020383065489e-01	3.105235378075448e+02
1.812779000000000e+01	1.361725642418980e+02	1.186113419461137e+01	-8.145876040284580e-05	3.381738365781375e-02	1.329690894150158e+02	2.282326722357329e+03	2.258826048495297e+03	-2.030410625182248e-01	1.308829763402971e+02	1.520612209219434e-01	3.178945176651517e+02
1.846041000000000e+01	1.433983657945330e+02	1.219366976499002e+01	-7.735407738156657e-05	4.345101921016500e-02	1.493490309738957e+02	2.590362822183287e+03	2.565162722974645e+03	-2.100295299024176e-01	1.395386188367250e+02	1.609838576283275e-01	3.253421422142421e+02
1.879303000000000e+01	1.507070214989362e+02	1.251371093724136e+01	-7.360371241082862e-05	5.225537805338553e-02	1.660751859000734e+02	2.902598177881389e+03	2.875724347647722e+03	-2.174221495859947e-01	1.478689763011232e+02	1.699833865587815e-01	3.328988488641425e+02
1.912565000000000e+01	1.580597428478777e+02	1.282128922775803e+01	-7.017976917373396e-05	6.010961950289157e-02	1.829778985295128e+02	3.218576106057909e+03	3.189970478243157e+03	-2.249251559965940e-01	1.556939015318785e+02	1.790325196967362e-01	3.405839096009333e+02
1.945827000000000e+01	1.654604348865489e+02	1.311814720952045e+01	-6.704077791387956e-05	6.670934259293947e-02	2.000843314565201e+02	3.539718350915591e+03	3.509107308248142e+03	-2.325716136214446e-01	1.626157118795120e+02	1.883353033450372e-01	3.483991865521338e+02
1.979089000000000e+01	1.729338122815517e+02	1.340651143670732e+01	-6.414359414417352e-05	7.197654948481853e-02	2.175311993327515e+02	3.868202139363286e+03	3.835166322549887e+03	-2.405401006876210e-01	1.684295232563455e+02	1.976786784900027e-01	3.563625674405390e+02
2.012351000000000e+01	1.804700677739026e+02	1.368700680050448e+01	-6.146501968809186e-05	7.615874472987778e-02	2.352928831125406e+02	4.204481365967571e+03	4.168640868561291e+03	-2.486810091982727e-01	1.732859267683313e+02	2.072732946997019e-01	3.644904319790664e+02
2.045613000000000e+01	1.880339698544905e+02	1.395930326423414e+01	-5.889977061348736e-05	7.974106934637114e-02	2.531893549404754e+02	4.547714898054753e+03	4.508940348956660e+03	-2.568130470696298e-01	1.776606057544739e+02	2.168384201424661e-01	3.727978524279027e+02
2.078875000000000e+01	1.956454870051306e+02	1.422500042778441e+01	-5.660829626866154e-05	8.269818773306337e-02	2.712780193085886e+02	4.899559855738871e+03	4.857934514584727e+03	-2.653784624818772e-01	1.814564259466098e+02	2.264222761540185e-01	3.812976087791992e+02
2.112137000000000e+01	2.033437528165921e+02	1.448608583299419e+01	-5.446519766970089e-05	8.479243206289105e-02	2.897287054525925e+02	5.262578576513077e+03	5.218256972846457e+03	-2.740234244882067e-01	1.842804284787348e+02	2.360107811137537e-01	3.899950475222037e+02
2.145399000000000e+01	2.111867345184805e+02	1.474485750729917e+01	-5.244248753283254e-05	8.607160014105431e-02	3.091448537038933e+02	5.640073437381407e+03	5.593836516081636e+03	-2.830926498211980e-01	1.860911627723270e+02	2.454088959777645e-01	3.989043927425715e+02
2.178661000000000e+01	2.195000355948563e+02	1.501155545301252e+01	-5.045629109845253e-05	8.681307647674684e-02	3.337604583196808e+02	6.047635039559634e+03	6.004499960670796e+03	-2.924157677608030e-01	1.871920968992870e+02	2.551915380680074e-01	4.080339134873917e+02
2.211923000000000e+01	2.282411979591155e+02	1.528376458003730e+01	-4.852392027054146e-05	8.692112802554723e-02	3.652161937482036e+02	6.483296457946688e+03	6.450063103604592e+03	-3.021726437043908e-01	1.873588532585663e+02	2.655352522449380e-01	4.173895171398894e+02
2.245185000000000e+01	2.374013334738897e+02	1.556034530882908e+01	-4.665162377261115e-05	8.635161051088555e-02	4.055406749209002e+02	6.946782622148709e+03	6.932324819908070e+03	-3.124174650199960e-01	1.864251826678863e+02	2.766584439148208e-01	4.269727017204897e+02
2.278447000000000e+01	2.469737558701994e+02	1.584034418054666e+01	-4.484345979766273e-05	8.499455066134737e-02	4.569136931774891e+02	7.437985109400405e+03	7.453342181366244e+03	-3.233914828381548e-01	1.840957962970664e+02	2.881439908754881e-01	4.367772882326285e+02
2.311709000000000e+01	2.569501065672063e+02	1.612287127967001e+01	-4.310236660498998e-05	8.289238748825488e-02	5.216547788778443e+02	7.956749000543390e+03	8.015275036267843e+03	-3.352801267277053e-01	1.803157182586176e+02	3.000970098966108e-01	4.468022595938302e+02
2.344971000000000e+01	2.673219464115440e+02	1.640714572399710e+01	-4.224647523139619e-05	8.011647634724028e-02	6.022093500069440e+02	8.502964083859271e+03	8.620460974543234e+03	-3.490898234729415e-01	1.750874856309282e+02	3.125673029389543e-01	4.570474466396754e+02
2.378233000000000e+01	2.780805536790948e+02	1.669248286858189e+01	-4.061200914065216e-05	7.671822253248138e-02	7.010996688180821e+02	9.076575957126317e+03	9.271347479127464e+03	-3.619672749067857e-01	1.683853563948311e+02	3.258075151935736e-01	4.675154541432374e+02
2.411495000000000e+01	2.892130206451636e+02	1.697819051052324e+01	-3.903942907700549e-05	7.275227343228784e-02	8.208544005931648e+02	9.677377996592222e+03	9.970239516443400e+03	-3.755137316697179e-01	1.601970644450123e+02	3.393997257637708e-01	4.781997391250484e+02
2.444757000000000e+01	3.007030758714515e+02	1.726360023768179e+01	-3.754770773433939e-05	6.828186871397930e-02	9.639941850350168e+02	1.030505113374048e+04	1.071934388447685e+04	-3.897215975064494e-01	1.505374445088181e+02	3.532251697566862e-01	4.890978830314834e+02
2.478019000000000e+01	3.125343678914361e+02	1.754814804300771e+01	-3.612630279295359e-05	6.336538315197167e-02	1.133011635804191e+03	1.095934869637012e+04	1.152091416631413e+04	-4.046926749641505e-01	1.394223461885771e+02	3.675555905045939e-01	5.002096623406048e+02
2.511281000000000e+01	3.246927381558946e+02	1.783141265040539e+01	-3.477352549393172e-05	5.807577049224199e-02	1.330320555207877e+03	1.164023174640468e+04	1.237729842830839e+04	-4.198154189871507e-01	1.269139257798445e+02	3.826108982653306e-01	5.115349844261959e+02
2.544543000000000e+01	3.371524108977488e+02	1.811279330010672e+01	-3.273061030432348e-05	5.246584480216796e-02	1.558112692225116e+03	1.234708648079953e+04	1.329007776966642e+04	-4.339925105513290e-01	1.130422402803830e+02	3.979945922295482e-01	5.230616788931281e+02
2.577805000000000e+01	3.498856127236348e+02	1.839175092813612e+01	-3.153946253524567e-05	4.657920679562005e-02	1.818380024047160e+03	1.307926373048503e+04	1.426060857799141e+04	-4.504648912515794e-01	9.782625247396616e+01	4.135157310034810e-01	5.347760047403832e+02
2.611067000000000e+01	3.628718405952238e+02	1.866799072074494e+01	-3.041074820251891e-05	4.051991392141146e-02	2.112904692520411e+03	1.383659180120287e+04	1.529050683234840e+04	-4.677380152059144e-01	8.145880489110175e+01	4.290440583226247e-01	5.466658961552048e+02
2.644329000000000e+01	3.760865078863227e+02	1.894119380277405e+01	-2.934219638978617e-05	3.437291389929400e-02	2.443150680451311e+03	1.461871486826963e+04	1.638088958378304e+04	-4.851238436933451e-01	6.411252512190113e+01	4.449637989778278e-01	5.587147807751046e+02
2.677591000000000e+01	3.892000725808031e+02	1.920517386072716e+01	-2.835355117094216e-05	2.850685925417227e-02	2.808856478376490e+03	1.540737304115932e+04	1.751419259991019e+04	-5.024294542156130e-01	4.682512827431016e+01	4.605024765780888e-01	5.709024407556395e+02
2.710853000000000e+01	4.011513618857967e+02	1.944063434939872e+01	-2.750882889059254e-05	2.354440662119428e-02	3.206967833135403e+03	1.614043460283153e+04	1.862834002999799e+04	-5.179852297160984e-01	3.155815504984545e+01	4.743432610404322e-01	5.832072326151477e+02
2.744115000000000e+01	4.116053115734048e+02	1.964383140671224e+01	-2.681015978908218e-05	1.951302868657859e-02	3.633799645400140e+03	1.679904248084084e+04	1.970133435877567e+04	-5.314657623512629e-01	1.861757728524779e+01	4.866135255665437e-01	5.955988085162478e+02
2.777377000000000e+01	4.203979172531537e+02	1.981386874828241e+01	-2.624722704856685e-05	1.651772525291410e-02	4.060626058689299e+03	1.737307654882802e+04	2.069253275154766e+04	-5.417868960915457e-01	8.592561858979479e+00	4.967610120122384e-01	6.080432915455093e+02
2.810639000000000e+01	4.290881078534484e+02	1.998181465243470e+01	-2.571564996271229e-05	1.342423137227111e-02	4.487263191747593e+03	1.796437957193482e+04	2.169923960238658e+04	-5.529151600949530e-01	-2.193652396815608e+00	5.067819834862308e-01	6.205351489061546e+02
2.843901000000000e+01	4.376275740089023e+02	2.014684066480188e+01	-2.521385817523892e-05	1.038202689378479e-02	4.908646730264427e+03	1.856904150763033e+04	2.271407469552681e+04	-5.638618842157573e-01	-1.323526363567543e+01	5.164778285655989e-01	6.330514255927087e+02
2.877163000000000e+01	4.459850958356643e+02	2.030846459751448e+01	-2.474136397707999e-05	7.400788716953271e-03	5.321673249359348e+03	1.918486730754514e+04	2.373174217682119e+04	-5.748243727080556e-01	-2.448955432074978e+01	5.260114793396522e-01	6.455622124598425e+02
2.910425000000000e+01	4.541320275989364e+02	2.046625717571541e+01	-2.429751462945752e-05	4.489903235227741e-03	5.723626309687576e+03	1.980962063546105e+04	2.474729151127661e+04	-5.854086864794525e-01	-3.591003557020937e+01	5.354145731681345e-01	6.579371129033827e+02
2.943687000000000e+01	4.620282064505860e+02	2.061956721670539e+01	-2.388226396177297e-05	1.662915522578430e-03	6.111384459056456e+03	2.043992605223104e+04	2.575423019390517e+04	-5.952030432354294e-01	-4.742831821858841e+01	5.443812974219939e-01	6.701512452197817e+02
2.976949000000000e+01	4.696384708932962e+02	2.076783729321513e+01	-2.349526341647178e-05	-1.067842876307052e-03	6.482423305092390e+03	2.107246171652925e+04	2.674671433951680e+04	-6.046854000394698e-01	-5.897428078022370e+01	5.531604485892435e-01	6.822146537767784e+02
3.010211000000000e+01	4.765163698687249e+02	2.090256547622397e+01	-2.315728551120468e-05	-3.544926895248636e-03	6.828858704061244e+03	2.166874126859875e+04	2.767841216119366e+04	-6.129946718486249e-01	-6.983458261611374e+01	5.610948368905199e-01	6.941650578876379e+02
3.043473000000000e+01	4.824697765590926e+02	2.102018704509047e+01	-2.287153758423108e-05	-5.697797955477469e-03	7.139804176035325e+03	2.220860838897754e+04	2.851829396559945e+04	-6.199751526934171e-01	-7.961460858632076e+01	5.676254564137247e-01	7.059547004150355e+02
3.076735000000000e+01	4.875984357852942e+02	2.112270968164792e+01	-2.263097011382388e-05	-7.554007560424905e-03	7.406484530936187e+03	2.269628931664476e+04	2.926179858626571e+04	-6.264233009923665e-01	-8.834487087510948e+01	5.733885196706316e-01	7.175381188370167e+02
3.109997000000000e+01	4.920022739836140e+02	2.121201463495390e+01	-2.242840371127771e-05	-9.140644577555260e-03	7.620458859636011e+03	2.313624611174211e+04	2.990493784353189e+04	-6.315942064783943e-01	-9.606453696689312e+01	5.780553818976657e-01	7.288843072738003e+02
3.143259000000000e+01	4.957847603660007e+02	2.128999038215095e+01	-2.225729088505182e-05	-1.048665022659660e-02	7.775365390625652e+03	2.353380603474980e+04	3.044666813132655e+04	-6.362606158093729e-01	-1.028337659388463e+02	5.821402804111676e-01	7.399626536176766e+02
3.176521000000000e+01	4.990486269185340e+02	2.135850017678208e+01	-2.211172425420894e-05	-1.162213265233450e-02	7.867204132239342e+03	2.389502796401072e+04	3.088904037049094e+04	-6.404213687549350e-01	-1.087315129703041e+02	5.858517909507073e-01	7.506525346471287e+02
3.209783000000000e+01	4.991747821802573e+02	2.136121430220055e+01	-2.210613601045177e-05	-1.167494686715225e-02	7.889566314127547e+03	2.390958316564036e+04	3.092594559331874e+04	-6.404462908712178e-01	-1.090145796930875e+02	5.859300334403684e-01	7.607270400370187e+02
3.243045000000001e+01	4.991747821802573e+02	2.136121430220055e+01	-2.210613601045177e-05	-1.167494686715225e-02	7.889566314127547e+03	2.390958316564036e+04	3.092594559331874e+04	-6.404462908712178e-01	-1.090145796930875e+02	5.859300334403684e-01	7.698593072580081e+02
3.276307000000001e+01	4.991747821802573e+02	2.136121430220055e+01	-2.210613601045177e-05	-1.167494686715225e-02	7.889566314127547e+03	2.390958316564036e+04	3.092594559331874e+04	-6.404462908712178e-01	-1.090145796930875e+02	5.859300334403684e-01	7.778513588130168e+02
3.309569000000000e+01	4.991747821802573e+02	2.136121430220055e+01	-2.210613601045177e-05	-1.167494686715225e-02	7.889566314127547e+03	2.390958316564036e+04	3.092594559331874e+04	-6.404462908712178e-01	-1.090145796930875e+02	5.859300334403684e-01	7.854708663126743e+02
3.342831000000000e+01	4.991747821802573e+02	2.136121430220055e+01	-2.210613601045177e-05	-1.167494686715225e-02	7.889566314127547e+03	2.390958316564036e+04	3.092594559331874e+04	-6.404462908712178e-01	-1.090145796930875e+02	5.859300334403684e-01	7.926178233964896e+02
3.376093000000001e+01	4.991747821802573e+02	2.136121430220055e+01	-2.210613601045177e-05	-1.167494686715225e-02	7.889566314127547e+03	2.390958316564036e+04	3.092594559331874e+04	-6.404462908712178e-01	-1.090145796930875e+02	5.859300334403684e-01	7.993599871249020e+02
3.409355000000001e+01	4.991747821802573e+02	2.136121430220055e+01	-2.210613601045177e-05	-1.167494686715225e-02	7.889566314127547e+03	2.390958316564036e+04	3.092594559331874e+04	-6.404462908712178e-01	-1.090145796930875e+02	5.859300334403684e-01	8.056678386491268e+02
3.442617000000001e+01	4.991747821802573e+02	2.136121430220055e+01	-2.210613601045177e-05	-1.167494686715225e-02	7.889566314127547e+03	2.390958316564036e+04	3.092594559331874e+04	-6.404462908712178e-01	-1.090145796930875e+02	5.859300334403684e-01	8.115597017214810e+02
3.475879000000000e+01	4.991747821802573e+02	2.136121430220055e+01	-2.210613601045177e-05	-1.167494686715225e-02	7.889566314127547e+03	2.390958316564036e+04	3.092594559331874e+04	-6.404462908712178e-01	-1.090145796930875e+02	5.859300334403684e-01	8.172002489224899e+02
3.509141000000000e+01	4.991747821802573e+02	2.136121430220055e+01	-2.210613601045177e-05	-1.167494686715225e-02	7.889566314127547e+03	2.390958316564036e+04	3.092594559331874e+04	-6.404462908712178e-01	-1.090145796930875e+02	5.859300334403684e-01	8.227882087000091e+02
3.542403000000001e+01	4.991747821802573e+02	2.136121430220055e+01	-2.210613601045177e-05	-1.167494686715225e-02	7.889566314127547e+03	2.390958316564036e+04	3.092594559331874e+04	-6.404462908712178e-01	-1.090145796930875e+02	5.859300334403684e-01	8.283754030316220e+02
3.575665000000001e+01	4.991751274772366e+02	2.136122426002936e+01	-2.210612071886057e-05	-1.167525229113659e-02	7.889571281655234e+03	2.390965479634210e+04	3.092602205676107e+04	-6.404461192712569e-01	-1.090167744659745e+02	5.859300813736228e-01	8.339711287620599e+02
3.608927000000001e+01	4.991911048891529e+02	2.136169565475415e+01	-2.210541317701305e-05	-1.168937902271237e-02	7.889819746284220e+03	2.391312395025078e+04	3.092973337335924e+04	-6.404417763910442e-01	-1.091206326884680e+02	5.859475911300301e-01	8.395824426977691e+02
3.642189000000000e+01	4.992416208666673e+02	2.136321952697777e+01	-2.210317643130062e-05	-1.171206367851760e-02	7.890585336004356e+03	2.392459451218025e+04	3.094194341371736e+04	-6.404470474298899e-01	-1.092911806077993e+02	5.859829711351200e-01	8.452285252959581e+02
3.675451000000000e+01	4.993791793667247e+02	2.136745919678959e+01	-2.215762071750068e-05	-1.166189568765852e-02	7.892437134333891e+03	2.395724008117353e+04	3.097631099933024e+04	-6.409045755166960e-01	-1.089057050881703e+02	5.860296855835361e-01	8.509531263693624e+02
3.708713000000001e+01	4.996304864993013e+02	2.137536597089836e+01	-2.214082898544295e-05	-1.146444241807697e-02	7.895819003887810e+03	2.401949253867735e+04	3.104158955639720e+04	-6.408445196170359e-01	-1.073557117985270e+02	5.861434618410681e-01	8.567840180740150e+02
3.741975000000001e+01	5.000143977255536e+02	2.138768485446470e+01	-2.212382924934716e-05	-1.104067979315883e-02	7.901169244996719e+03	2.411863018291506e+04	3.114532268182166e+04	-6.408514007187898e-01	-1.039587620910164e+02	5.863000345858048e-01	8.627436603157413e+02
3.775237000000001e+01	5.005454264667464e+02	2.140504615214790e+01	-2.193079965626883e-05	-1.030784861044593e-02	7.908944566893152e+03	2.426139347252520e+04	3.129447954510362e+04	-6.394641986612173e-01	-9.796236490293809e+01	5.866153466646723e-01	8.688346364253496e+02
3.808499000000000e+01	5.012355599300408e+02	2.142801217518281e+01	-2.178059119203575e-05	-9.179254052971474e-03	7.919625612781844e+03	2.445430100735004e+04	3.149577472000651e+04	-6.384686802862484e-01	-8.853970681131871e+01	5.871525906222649e-01	8.750489848880950e+02
3.841761000000000e+01	5.020914165096971e+02	2.145697235774312e+01	-2.171395619838372e-05	-7.571259142509393e-03	7.933689122633477e+03	2.470271082681525e+04	3.175470556358707e+04	-6.382588991782453e-01	-7.484644781390276e+01	5.877859401490088e-01	8.813901622020106e+02
3.875023000000001e+01	5.031181306004937e+02	2.149226274029381e+01	-2.166964448819426e-05	-5.401986992224065e-03	7.951638392468240e+03	2.501174434140615e+04	3.207650704949402e+04	-6.382359147125146e-01	-5.601119753322222e+01	5.886178656023668e-01	8.878632468121835e+02
3.908285000000001e+01	5.043157218321293e+02	2.153403485278123e+01	-2.171666221648379e-05	-2.595047260893049e-03	7.973954351691065e+03	2.538508872405255e+04	3.246491220251598e+04	-6.391372927373540e-01	-3.116949545753465e+01	5.896585391459396e-01	8.944680564854538e+02
3.941547000000001e+01	5.056845326351817e+02	2.158243716691974e+01	-2.165787852837875e-05	9.187370413218328e-04	8.001141981858209e+03	2.582650919695245e+04	3.292371583997523e+04	-6.390848833963348e-01	5.172966206621660e-01	5.909012819386118e-01	9.011934302367049e+02
3.974809000000000e+01	5.072235987763794e+02	2.163755712047788e+01	-2.159216213109244e-05	5.204054252625655e-03	8.033690349733711e+03	2.633931221011616e+04	3.345620581431335e+04	-6.389718486954323e-01	3.988246316795395e+01	5.923842792255885e-01	9.080041814152355e+02
4.008071000000000e+01	5.089238902901940e+02	2.169917485335962e+01	-2.151161389425611e-05	1.030830200876836e-02	8.072003639414404e+03	2.692399282993307e+04	3.406276029280086e+04	-6.388643981091581e-01	8.763152891551906e+01	5.939932778419960e-01	9.148987599651560e+02
4.041333000000001e+01	5.107746636810990e+02	2.176698491294452e+01	-3.142185871933641e-05	1.625383614283562e-02	8.116400857506545e+03	2.758010674115839e+04	3.474278586876362e+04	-7.339461550011851e-01	1.442571163880099e+02	5.709454468412146e-01	9.218512205373980e+02
4.074595000000001e+01	5.127604822584843e+02	2.184048664085346e+01	-3.130016815825082e-05	2.307917516491271e-02	8.167222872415637e+03	2.830525381469290e+04	3.549360010660384e+04	-7.334143339612638e-01	2.104215936792182e+02	5.729639273090009e-01	9.288518777697186e+02
4.107857000000001e+01	5.148597787331169e+02	2.191892827145415e+01	-3.117254441413696e-05	3.076878127047168e-02	8.224539730041850e+03	2.909420943356897e+04	3.630963758367784e+04	-7.328772626597960e-01	2.862757680550445e+02	5.750683464601786e-01	9.358579051670121e+02
4.141119000000000e+01	5.170519399909588e+02	2.200157022226045e+01	-3.103981154463078e-05	3.930076658362835e-02	8.288330862227760e+03	2.994149657978847e+04	3.718499575674531e+04	-7.322114133804529e-01	3.719007493376361e+02	5.772280772486411e-01	9.428279303235200e+02
4.174381000000000e+01	5.193033211957166e+02	2.208716048475499e+01	-3.097607335951806e-05	4.861970679787463e-02	8.358306222891290e+03	3.083598952068966e+04	3.810795225530183e+04	-7.323058924179584e-01	4.670261175654762e+02	5.793691041930739e-01	9.497217288437328e+02
4.207643000000001e+01	5.215704702012628e+02	2.217404932354527e+01	-3.084142727528578e-05	5.865236163103623e-02	8.433137669999503e+03	3.176172837295786e+04	3.906104750971387e+04	-7.318473315703130e-01	5.711698130471366e+02	5.812938429044174e-01	9.564715572873540e+02
4.240905000000001e+01	5.238090553556550e+02	2.226052696582786e+01	-3.070962130413314e-05	6.929417486686627e-02	8.511559674640752e+03	3.270118464576299e+04	4.002548284630278e+04	-7.313753734038583e-01	6.834830599101469e+02	5.828834062798264e-01	9.630208554560724e+02
4.274167000000001e+01	5.259726459626415e+02	2.234477623055527e+01	-3.049307393245630e-05	8.039338024922880e-02	8.592185310445968e+03	3.363462609278238e+04	4.098045407598227e+04	-7.299588872568840e-01	8.025574384436260e+02	5.840856707014614e-01	9.693409125967420e+02
4.307429000000000e+01	5.279895656581641e+02	2.242396295567186e+01	-3.037659041571072e-05	9.137799571618337e-02	8.671097179344903e+03	3.452851054783596e+04	4.189234509179896e+04	-7.293880322087414e-01	9.223242155888810e+02	5.850833818611632e-01	9.753553506041698e+02
4.340691000000000e+01	5.298043371366792e+02	2.249583713857689e+01	-3.024065481356620e-05	1.018056734355944e-01	8.745128640923751e+03	3.535470601978834e+04	4.273282084216195e+04	-7.283894779575879e-01	1.037849957132270e+03	5.858103082866969e-01	9.810003841825107e+02
4.373953000000001e+01	5.313717377254414e+02	2.255850019408867e+01	-3.019935324110807e-05	1.113105337871678e-01	8.811647188933688e+03	3.608807976882569e+04	4.347658335234959e+04	-7.281639784573271e-01	1.144826987370044e+03	5.864011173443083e-01	9.861918720505522e+02
4.407215000000001e+01	5.326492858733039e+02	2.261010023222304e+01	-3.009799328112761e-05	1.195674370812964e-01	8.868311833039576e+03	3.670310557544715e+04	4.409803808835453e+04	-7.271596776119605e-01	1.239217654895167e+03	5.867576014938205e-01	9.909201693036928e+02
4.440477000000001e+01	5.336042458196165e+02	2.264910486315390e+01	-3.004412868341663e-05	1.262919136805755e-01	8.913206592259876e+03	3.717707680692486e+04	4.457460855078962e+04	-7.265677101319408e-01	1.317281438473883e+03	5.869121381912257e-01	9.950875295332155e+02
4.473739000000000e+01	5.342304061644818e+02	2.267499408263518e+01	-3.000891458523411e-05	1.312788931211009e-01	8.945060632475846e+03	3.749858620905197e+04	4.489526358828520e+04	-7.260886942209593e-01	1.376059924981209e+03	5.869505644808360e-01	9.986933895903242e+02
4.507001000000000e+01	5.345721842099425e+02	2.268931230755294e+01	-2.998972842389469e-05	1.345173745873620e-01	8.963941493355716e+03	3.768100270111690e+04	4.507435301758652e+04	-7.258211427295559e-01	1.414805392890116e+03	5.869776122341535e-01	1.001791724544278e+03
4.540263000000001e+01	5.347151419962051e+02	2.269538478495441e+01	-2.998171057504825e-05	1.361966857738788e-01	8.973294862367273e+03	3.776077203160050e+04	4.515140656828774e+04	-7.257092017566193e-01	1.435195412033969e+03	5.869960513722362e-01	1.004484523855915e+03
4.573525000000001e+01	5.347548755437928e+02	2.269709670124129e+01	-2.997948286329119e-05	1.367250673621070e-01	8.976324155284159e+03	3.778387965084002e+04	4.517351088563997e+04	-7.256781815140644e-01	1.441704942133647e+03	5.870036801485907e-01	1.006915174287751e+03
4.606787000000001e+01	5.347556856636702e+02	2.269713210643381e+01	-2.997943744633597e-05	1.367366203524922e-01	8.976393469694374e+03	3.778436926795145e+04	4.517397558262799e+04	-7.256775999406669e-01	1.441849327057647e+03	5.870039128011187e-01	1.009147767493816e+03
4.640049000000000e+01	5.347556856636702e+02	2.269713210643381e+01	-2.997943744633597e-05	1.367366203524922e-01	8.976393469694374e+03	3.778436926795145e+04	4.517397558262799e+04	-7.256775999406669e-01	1.441849327057647e+03	5.870039128011187e-01	1.011218301619738e+03
4.673311000000000e+01	5.347556856636702e+02	2.269713210643381e+01	-2.997943744633597e-05	1.367366203524922e-01	8.976393469694374e+03	3.778436926795145e+04	4.517397558262799e+04	-7.256775999406669e-01	1.441849327057647e+03	5.870039128011187e-01	1.013184607962943e+03
4.706573000000001e+01	5.347556856636702e+02	2.269713210643381e+01	-2.997943744633597e-05	1.367366203524922e-01	8.976393469694374e+03	3.778436926795145e+04	4.517397558262799e+04	-7.256775999406669e-01	1.441849327057647e+03	5.870039128011187e-01	1.015010591651373e+03
4.739835000000001e+01	5.347556856636702e+02	2.269713210643381e+01	-2.997943744633597e-05	1.367366203524922e-01	8.976393469694374e+03	3.778436926795145e+04	4.517397558262799e+04	-7.256775999406669e-01	1.441849327057647e+03	5.870039128011187e-01	1.016653785869615e+03
4.773097000000001e+01	5.347556856636702e+02	2.269713210643381e+01	-2.997943744633597e-05	1.367366203524922e-01	8.976393469694374e+03	3.778436926795145e+04	4.517397558262799e+04	-7.256775999406669e-01	1.441849327057647e+03	5.870039128011187e-01	1.018059301807361e+03
4.806359000000000e+01	5.347556856636702e+02	2.269713210643381e+01	-2.997943744633597e-05	1.367366203524922e-01	8.976393469694374e+03	3.778436926795145e+04	4.517397558262799e+04	-7.256775999406669e-01	1.441849327057647e+03	5.870039128011187e-01	1.019255474914958e+03
4.839621000000000e+01	5.347556856636702e+02	2.269713210643381e+01	-2.997943744633597e-05	1.367366203524922e-01	8.976393469694374e+03	3.778436926795145e+04	4.517397558262799e+04	-7.256775999406669e-01	1.441849327057647e+03	5.870039128011187e-01	1.020324855632250e+03
4.872883000000001e+01	5.347556856636702e+02	2.269713210643381e+01	-2.997943744633597e-05	1.367366203524922e-01	8.976393469694374e+03	3.778436926795145e+04	4.517397558262799e+04	-7.256775999406669e-01	1.441849327057647e+03	5.870039128011187e-01	1.021196191908168e+03
4.906145000000001e+01	5.347556856636702e+02	2.269713210643381e+01	-2.997943744633597e-05	1.367366203524922e-01	8.976393469694374e+03	3.778436926795145e+04	4.517397558262799e+04	-7.256775999406669e-01	1.441849327057647e+03	5.870039128011187e-01	1.021744419621157e+03
4.939407000000001e+01	5.347556856636702e+02	2.269713210643381e+01	-2.997943744633597e-05	1.367366203524922e-01	8.976393469694374e+03	3.778436926795145e+04	4.517397558262799e+04	-7.256775999406669e-01	1.441849327057647e+03	5.870039128011187e-01	1.021979938883746e+03
4.972669000000000e+01	5.347556856636702e+02	2.269713210643381e+01	-2.997943744633597e-05	1.367366203524922e-01	8.976393469694374e+03	3.778436926795145e+04	4.517397558262799e+04	-7.256775999406669e-01	1.441849327057647e+03	5.870039128011187e-01	1.021996041450911e+03
